"SHU_HEBOW",192,9,0,1174.66,1,1174.66,.5
1046.5,.5
880,1
1046.5,1
1174.66,3
1396.92,.5
32767,.5
1046.5,1
1174.66,1
1174.66,.5
1046.5,.5
880,1
783.99,1
880,.5
783.99,.5
698.46,1
587.33,.5
32767,.5
1046.5,1.5
1174.66,.5
880,1
1046.5,1
783.99,1
880,1
698.46,1
523.25,1
698.46,1
783.99,.5
880,.5
783.99,.5
698.46,.5
523.25,1
587.33,3
32767,1
329.63,1
261.625,1
293.665,1
329.63,1
349.23,1.5
440,.5
466.165,1
440,1
349.23,2
220,1
220,1
293.665,3
32767,1
1046.5,1.5
880,.5
880,1
1046.5,1
1174.66,3
1396.92,.5
32767,.5
1046.5,1
1174.66,1
1174.66,.5
1046.5,.5
880,1
783.99,1
880,.5
783.99,.5
698.46,1
587.33,.5
32767,.5
1046.5,1.5
1174.66,.5
880,1
1046.5,1
783.99,1
880,1
698.46,1
523.25,1
698.46,1
783.99,.5
880,.5
783.99,.5
698.46,.5
523.25,1
587.33,3
32767,1
329.63,1
261.625,1
293.665,1
329.63,1
349.23,1.5
440,.5
466.165,1
440,1
349.23,1
349.23,1
220,1
220,1
293.665,3
32767,1
1174.66,1
1174.66,.5
1046.5,.5
880,1
1046.5,1
1174.66,3
1396.92,.5
32767,.5
1046.5,1
1174.66,1
1174.66,.5
1046.5,.5
880,1
783.99,1
880,.5
783.99,.5
698.46,1
587.33,.5
32767,.5
1046.5,1.5
1174.66,.5
880,1
1046.5,1
783.99,1
880,1
698.46,1
523.25,1
698.46,1
783.99,.5
880,.5
783.99,.5
698.46,.5
523.25,1
587.33,3
32767,1
329.63,1
261.625,1
293.665,1
329.63,1
349.23,1.5
440,.5
466.165,1
440,1
349.23,2
220,1
220,1
293.665,3
32767,1
1046.5,1.5
880,.5
523.25,1
587.33,.5
659.26,.5
698.46,1
659.26,1
587.33,1
523.25,.5
587.33,.5
440,1
349.23,1
440,1
523.25,.5
440,.5
466.165,1
523.25,1
587.33,1
32767,1
440,1.5
466.165,.5
523.25,1
440,1
466.165,1
349.23,1
293.665,1
349.23,1
440,1
391.995,.5
349.23,.5
440,1
391.995,1
349.23,3
32767,1
329.63,1
261.625,1
293.665,1
329.63,1
349.23,1.5
440,.5
466.165,1
440,1
349.23,1
349.23,1
220,2
293.665,3
32767,1
0,0
