"LEAVING MOOD",58,15,"1"
32767,1
440,.5
440,.5
440,1
440,.5
440,.5
391.995,1.5
349.23,.5
349.23,3
329.63,.5
329.63,.5
329.63,1
329.63,.5
329.63,.5
440,5
391.995,.5
391.995,.5
391.995,1
391.995,.5
391.995,.5
329.63,1.5
349.23,.5
349.23,3
349.23,.5
329.63,.5
293.665,1
329.63,.5
440,.5
415.305,5
440,.5
440,.5
440,1
440,.5
440,.5
440,1.5
415.305,.5
349.23,3
349.23,.5
329.63,.5
293.665,1
329.63,.5
440,.5
415.305,5
440,.5
440,.5
440,1
440,.5
440,.5
391.995,1.5
349.23,.5
349.23,3
329.63,.5
329.63,.5
329.63,1
329.63,.5
329.63,.5
440,4
0,0
