"Die Lorelei",69,17,"1"
880,1
880,1.5
987.77,.5
880,1
1174.66,1
1108.72,1
987.77,1
880,3
783.99,2
783.99,1
739.99,2
739.99,1
659.26,1
587.33,1
659.26,1
739.99,4
32767,1
880,1
880,1.5
987.77,.5
880,1
1174.66,1
1108.72,1
987.77,1
880,3
783.99,2
783.99,1
739.99,2
739.99,1
880,1
783.99,1
659.26,1
587.33,4
32767,1
739.99,1
659.26,1.5
739.99,.5
659.26,1
880,1
659.26,1
659.26,1
1108.72,3
987.77,2
987.77,1
880,2
880,1
830.61,1
880,1
987.77,1
880,5
880,1
880,1.5
987.77,.5
880,1
1174.66,1
1108.72,1
987.77,1
880,2
1479.98,1
1318.52,3
1318.52,1
1174.66,2
1174.66,1
1108.72,1
987.77,1
1108.72,1
1174.66,4
32767,1
0,0
