MEEDU_Mt._IV,60,8,1,659.26,.25
1318.52,4
1318.52,.25
1174.66,.25
987.77,3
32767,1
329.63,1
329.63,1
293.665,1
293.665,1
329.63,1
369.995,.5
391.995,.5
329.63,2
261.625,1
261.625,1
261.625,1
261.625,1
246.9425,1
246.9425,.5
246.9425,.5
329.63,4
32767,2
329.63,1
329.63,1
329.63,1
329.63,1
329.63,1
369.995,.5
391.995,.5
329.63,2
261.625,1
261.625,1
261.625,1
261.625,1
246.9425,1
246.9425,.5
246.9425,.5
329.63,4
32767,10
261.625,1
261.625,1
261.625,1
261.625,1
246.9425,1
246.9425,.5
246.9425,.5
329.63,4
0,0
