"WATCH THE SPRING WIND",0,10,"1"
523.25,1.5
523.25,.5
698.46,1
698.46,1
587.33,.5
659.26,.5
698.46,.5
783.99,.5
523.25,2
523.25,1.5
783.99,.5
783.99,1
659.26,1
783.99,4
1046.5,1.5
1046.5,.5
1046.5,1
1046.5,1
1046.5,.5
987.77,.5
880,.5
783.99,.5
783.99,2
783.99,1.5
783.99,.5
783.99,1
783.99,1
1046.5,4
783.99,1.5
783.99,.5
783.99,1
783.99,1
698.46,1
783.99,1
698.46,2
783.99,1.5
783.99,.5
783.99,1
783.99,1
783.99,4
783.99,1.5
698.46,.5
698.46,1
783.99,1
1046.5,1
987.77,.5
880,.5
698.46,2
783.99,1.5
783.99,.5
783.99,1
783.99,1
523.25,4
0,0
