"WEST WIND's SAYING",64,15,"1"
391.995,1
391.995,1
391.995,.5
329.63,.5
391.995,.5
523.25,.5
523.25,2
440,2
391.995,1
391.995,1
415.305,.5
415.305,.5
329.63,.5
329.63,.5
440,3
32767,1
440,1
440,1
440,.5
293.665,.5
329.63,.5
349.23,.5
391.995,2
391.995,2
391.995,1
293.665,1
293.665,.5
293.665,.5
329.63,.5
349.23,.5
329.63,3
32767,1
523.25,1
523.25,1
523.25,1
493.885,.5
523.25,.5
440,2
440,2
493.885,1
493.885,1
391.995,.5
391.995,.5
391.995,.5
391.995,.5
391.995,3
32767,1
391.995,1
391.995,1
391.995,.5
391.995,.5
349.23,.5
391.995,.5
493.885,2
587.33,2
391.995,1
391.995,1
391.995,.5
493.885,.5
523.25,.5
440,.5
391.995,3
32767,1
0,0
